65680 
65536 464c457f 
65540 10101 
65544 0 
65548 0 
65552 f30002 
65556 1 
65560 10090 
65564 34 
65568 1090 
65572 0 
65576 200034 
65580 280002 
65584 c000d 
65588 1 
65592 0 
65596 10000 
65600 10000 
65604 584 
65608 584 
65612 5 
65616 1000 
65620 1 
65624 584 
65628 11584 
65632 11584 
65636 448 
65640 464 
65644 6 
65648 1000 
65652 ffff0797 
65656 f8c78793 
65660 78863 
65664 517 
65668 12c50513 
65672 dc0006f 
65676 8067 
65680 2197 
65684 d0818193 
65688 c3418513 
65692 c5018613 
65696 40a60633 
65700 593 
65704 1f8000ef 
65708 517 
65712 10050513 
65716 b0000ef 
65720 154000ef 
65724 12503 
65728 410593 
65732 613 
65736 7c000ef 
65740 ac0006f 
65744 c341c783 
65748 4079463 
65752 ffff0797 
65756 f2878793 
65760 2078863 
65764 ff010113 
65768 1517 
65772 49c50513 
65776 112623 
65780 97 
65784 e7 
65788 c12083 
65792 100793 
65796 c2f18a23 
65800 1010113 
65804 8067 
65808 100793 
65812 c2f18a23 
65816 8067 
65820 8067 
65824 ffff0797 
65828 ee078793 
65832 78c63 
65836 c3818593 
65840 1517 
65844 45450513 
65848 317 
65852 67 
65856 8067 
65860 ff010113 
65864 812623 
65868 1010413 
65872 793 
65876 78513 
65880 c12403 
65884 1010113 
65888 67 
65892 0 
65896 0 
65900 0 
65904 0 
65908 0 
65912 0 
65916 0 
65920 0 
65924 0 
65928 0 
65932 0 
65936 0 
65940 0 
65944 0 
65948 0 
65952 0 
65956 0 
65960 0 
65964 0 
65968 0 
65972 0 
65976 0 
65980 0 
65984 0 
65988 0 
65992 0 
65996 0 
66000 0 
66004 0 
66008 0 
66012 0 
66016 0 
66020 0 
66024 0 
66028 0 
66032 0 
66036 0 
66040 0 
66044 0 
66048 0 
66052 0 
66056 0 
66060 0 
66064 0 
66068 0 
66072 0 
66076 0 
66080 0 
66084 0 
66088 0 
66092 0 
66096 0 
66100 0 
66104 0 
66108 0 
66112 0 
66116 0 
66120 0 
66124 0 
66128 0 
66132 0 
66136 0 
66140 0 
66144 0 
66148 0 
66152 0 
66156 0 
66160 0 
66164 0 
66168 0 
66172 0 
66176 0 
66180 0 
66184 0 
66188 0 
66192 0 
66196 0 
66200 0 
66204 0 
66208 0 
66212 0 
66216 0 
66220 0 
66224 0 
66228 0 
66232 0 
66236 0 
66240 0 
66244 0 
66248 0 
66252 0 
66256 0 
66260 0 
66264 0 
66268 0 
66272 0 
66276 0 
66280 0 
66284 0 
66288 0 
66292 0 
66296 0 
66300 0 
66304 0 
66308 0 
66312 0 
66316 0 
66320 0 
66324 0 
66328 0 
66332 0 
66336 0 
66340 0 
66344 0 
66348 0 
66352 0 
66356 0 
66360 0 
66364 0 
66368 0 
66372 0 
66376 0 
66380 0 
66384 0 
66388 0 
66392 0 
66396 0 
66400 0 
66404 0 
66408 0 
66412 0 
66416 0 
66420 0 
66424 0 
66428 0 
66432 0 
66436 0 
66440 0 
66444 0 
66448 0 
66452 0 
66456 0 
66460 0 
66464 0 
66468 0 
66472 0 
66476 0 
66480 0 
66484 0 
66488 0 
66492 0 
66496 0 
66500 0 
66504 0 
66508 0 
66512 0 
66516 0 
66520 0 
66524 0 
66528 0 
66532 0 
66536 0 
66540 0 
66544 0 
66548 0 
66552 0 
66556 0 
66560 0 
66564 0 
66568 0 
66572 0 
66576 0 
66580 0 
66584 0 
66588 0 
66592 0 
66596 0 
66600 0 
66604 0 
66608 0 
66612 0 
66616 0 
66620 0 
66624 0 
66628 0 
66632 0 
66636 0 
66640 0 
66644 0 
66648 0 
66652 0 
66656 0 
66660 0 
66664 0 
66668 0 
66672 0 
66676 0 
66680 0 
66684 0 
66688 0 
66692 0 
66696 0 
66700 0 
66704 0 
66708 0 
66712 0 
66716 0 
66720 0 
66724 0 
66728 0 
66732 0 
66736 0 
66740 0 
66744 0 
66748 0 
66752 0 
66756 0 
66760 0 
66764 0 
66768 0 
66772 0 
66776 0 
66780 0 
66784 0 
66788 0 
66792 0 
66796 0 
66800 0 
66804 0 
66808 0 
66812 0 
66816 0 
66820 0 
66824 0 
66828 0 
66832 0 
66836 0 
66840 0 
66844 0 
66848 0 
66852 0 
66856 0 
66860 0 
66864 0 
66868 0 
66872 0 
66876 0 
66880 0 
66884 0 
66888 0 
66892 0 
66896 0 
66900 0 
66904 0 
66908 0 
66912 0 
66916 0 
66920 0 
66924 0 
66928 0 
66932 0 
66936 0 
66940 0 
66944 0 
71044 0 
71048 10074 
71052 10120 
71056 100d0 
71060 0 
71064 0 
71068 11884 
71072 118ec 
71076 11954 
71080 0 
71084 0 
71088 0 
71092 0 
71096 0 
71100 0 
71104 0 
71108 0 
71112 0 
71116 0 
71120 0 
71124 0 
71128 0 
71132 0 
71136 0 
71140 0 
71144 0 
71148 0 
71152 0 
71156 0 
71160 0 
71164 0 
71168 0 
71172 0 
71176 0 
71180 0 
71184 0 
71188 0 
71192 0 
71196 0 
71200 0 
71204 0 
71208 0 
71212 0 
71216 0 
71220 0 
71224 0 
71228 0 
71232 1 
71236 0 
71240 abcd330e 
71244 e66d1234 
71248 5deec 
71252 b 
71256 0 
71260 0 
71264 0 
71268 0 
71272 0 
71276 0 
71280 0 
71284 0 
71288 0 
71292 0 
71296 0 
71300 0 
71304 0 
71308 0 
71312 0 
71316 0 
71320 0 
71324 0 
71328 0 
71332 0 
71336 0 
71340 0 
71344 0 
71348 0 
71352 0 
71356 0 
71360 0 
71364 0 
71368 0 
71372 0 
71376 0 
71380 0 
71384 0 
71388 0 
71392 0 
71396 0 
71400 0 
71404 0 
71408 0 
71412 0 
71416 0 
71420 0 
71424 0 
71428 0 
71432 0 
71436 0 
71440 0 
71444 0 
71448 0 
71452 0 
71456 0 
71460 0 
71464 0 
71468 0 
71472 0 
71476 0 
71480 0 
71484 0 
71488 0 
71492 0 
71496 0 
71500 0 
71504 0 
71508 0 
71512 0 
71516 0 
71520 0 
71524 0 
71528 0 
71532 0 
71536 0 
71540 0 
71544 0 
71548 0 
71552 0 
71556 0 
71560 0 
71564 0 
71568 0 
71572 0 
71576 0 
71580 0 
71584 0 
71588 0 
71592 0 
71596 0 
71600 0 
71604 0 
71608 0 
71612 0 
71616 0 
71620 0 
71624 0 
71628 0 
71632 0 
71636 0 
71640 0 
71644 0 
71648 0 
71652 0 
71656 0 
71660 0 
71664 0 
71668 0 
71672 0 
71676 0 
71680 0 
71684 0 
71688 0 
71692 0 
71696 0 
71700 0 
71704 0 
71708 0 
71712 0 
71716 0 
71720 0 
71724 0 
71728 0 
71732 0 
71736 0 
71740 0 
71744 0 
71748 0 
71752 0 
71756 0 
71760 0 
71764 0 
71768 0 
71772 0 
71776 0 
71780 0 
71784 0 
71788 0 
71792 0 
71796 0 
71800 0 
71804 0 
71808 0 
71812 0 
71816 0 
71820 0 
71824 0 
71828 0 
71832 0 
71836 0 
71840 0 
71844 0 
71848 0 
71852 0 
71856 0 
71860 0 
71864 0 
71868 0 
71872 0 
71876 0 
71880 0 
71884 0 
71888 0 
71892 0 
71896 0 
71900 0 
71904 0 
71908 0 
71912 0 
71916 0 
71920 0 
71924 0 
71928 0 
71932 0 
71936 0 
71940 0 
71944 0 
71948 0 
71952 0 
71956 0 
71960 0 
71964 0 
71968 0 
71972 0 
71976 0 
71980 0 
71984 0 
71988 0 
71992 0 
71996 0 
72000 0 
72004 0 
72008 0 
72012 0 
72016 0 
72020 0 
72024 0 
72028 0 
72032 0 
72036 0 
72040 0 
72044 0 
72048 0 
72052 0 
72056 0 
72060 0 
72064 0 
72068 0 
72072 0 
72076 0 
72080 0 
72084 0 
72088 0 
72092 0 
72096 0 
72100 0 
72104 0 
72108 0 
72112 0 
72116 0 
72120 0 
72124 0 
72128 0 
72132 0 
72136 0 
